0.2781337763537837	0.3668763102725366	0.3367746529013883	0.0822158933586486
0.21300581464340815	0.35799612357106053	0.3396028638107668	0.07758791187057451
0.29239349709267876	0.37743760136070453	0.3558996875123603	0.12014951940192249
0.24961433487599388	0.3629405482378065	0.3603496697124321	0.024425457853723815
0.2923934970926782	0.3630394367311413	0.36402832166449123	0.3789407064593966
0.2724773545350263	0.35633479688303393	0.3380008702187416	0.38333135556346637
0.2689371464736366	0.36034966971243193	0.3534274751789884	0.2427316957398835
0.2609469562121751	0.36392943317115617	0.32152604722914374	2.4275218453134565e-17
0.3020845694395	0.36830030457655916	0.35376369605632657	0.012400617064198257
0.30182745935682975	0.340393971757446	0.34106641351212363	0.012400617064198264
0.2809619872631617	0.35455480400300526	0.35752145880305375	0.1838534868082753
0.254281871761402	0.36622364621652587	0.32635180570388833	6.251550639840947e-18
0.2546774257347415	0.35738301491238444	0.3499070448162647	0.012262173173529423
0.291582611447332	0.35210236936830064	0.35071793046161115	0.36325699141647816
0.2663462679482615	0.37852537478738935	0.3473754993868919	0.02420790316838703
0.27758000079110795	0.3398995292907721	0.33695265218939136	0.024662790237727647
0.2644278311775641	0.3718009572406154	0.34233218622681066	0.3751829437126692
0.24107036905185714	0.3645029864324993	0.33679443060005454	0.10310114315098258
0.313852300146355	0.3530714766029822	0.34494284245085216	0.2394881531584988
0.27665044895375945	0.35139037221628916	0.35378347375499364	0.024188125469720153
0.2667813773189353	0.3613187769471133	0.3668367548752022	0.07290059728649952
0.3157707369170532	0.37451050195799135	0.33780309323207103	9.393691275572522e-18
0.2837308650765397	0.3445670661761788	0.34618883746687173	0.3889482219848901
0.26444760887623125	0.34444839998417714	0.36568964835251805	0.012400617064198318
0.2908112811993198	0.3439144021201693	0.3588070092164071	0.04673470195008068
0.2640124995055575	0.3647996519125031	0.32281159764249756	1.5896176757850367e-17
0.330307345437285	0.3601914481230952	0.3425101855148132	0.3339662196906769
0.2748111229777302	0.37668604881136	0.3374668723547325	0.024425457853723957
0.25760452513745524	0.37886159566472755	0.37611249555001786	0.1704837625093947
0.3177485067837506	0.35247814564297214	0.37000118666191956	0.11494798465250584
0.3108065345516398	0.3568094616510425	0.37182073493928225	0.01226217317352939
0.25985918278549125	0.3637514338831527	0.36792452830188577	0.036648075629919424
0.2011589731418853	0.3855464578141682	0.3628812151418058	1.694355696976089e-17
0.2669989320042719	0.38137336339543465	0.3398797515921047	0.3862386772675128
0.27233891064435783	0.3519639254776312	0.35801590126972826	0.024781456429729627
0.2706380285589971	0.35756101420038694	0.34177841066413445	0.0124006170641983
0.27314979628970404	0.3677267513152168	0.35546457814168714	0.2936197144100307
0.3304062339306198	0.3557414659230255	0.35002571100826707	0.07980301412127667
0.2462521261026067	0.3679443060005528	0.3674498635338801	0.024188125469720215
0.2873501839325979	0.38010759068074806	0.36832008227522645	2.7068232351562634e-17
0.26508049523357446	0.34128396819746004	0.3525572564376411	0.03613385546457784
0.23501839325976043	0.37987025829674453	0.36157588702978527	0.03641074324591559
0.23317906728373092	0.3548910248803447	0.34488350935485107	0.023891459989715386
0.3067323286262415	0.3649578735018387	0.3454372849175269	0.05800799019026121
0.23066729955302398	0.33869308967208583	0.3539021399469951	0.012262173173529409
0.25529053439341826	0.38315335627546343	0.33127645267196654	0.012262173173529392
0.2246153237609274	0.3600332265337598	0.3635734345951508	0.3172936197144098
0.278647996519125	0.3713262924726079	0.34389462442150215	0.03589652308057403
0.26850203710296283	0.3629207705391398	0.3734622839286413	0.38040425616075296
0.2574858589454533	0.3655512044618491	0.3512717060242871	0.012499505557533187
0.29055417111664866	0.3583323444483995	0.34055219334678166	0.01249950555753323
0.2790039950951308	0.3391677544400936	0.3854673470195007	0.06971638780111525
0.34713816700288763	0.3766069380166925	0.36628297931252674	0.06991416478778496
0.24753767651596062	0.35293303271231286	0.3456746173015307	0.03589652308057404
0.2562991970254341	0.34434951149084264	0.3512717060242864	0.058383766464933824
0.26023495906016364	0.35595902060836226	0.3386733119734177	0.2837506427752074
0.2798148807404775	0.3686167477552303	0.36398876626715726	0.0913136347454608
0.2435228036865631	0.3562754637870335	0.3559985760056956	0.035896523080574054
0.3193900557731108	0.35342747517898787	0.3428464063921526	0.10511846841501513
0.23027174557968452	0.352240813258969	0.3601914481230969	0.38772200466753715
0.23547328032910073	0.3644634310351646	0.35562279973102195	2.2529584766617024e-17
0.26205450733752633	0.3537636960563262	0.3546141370990073	-7.495314641484695e-18
0.275285787745738	0.37763537834737526	0.3707329615125986	0.012400617064198193
0.2994936909141247	0.3709702938966013	0.3715636248566114	0.2865195205885843
0.26666271112693346	0.3680629721925564	0.3687156362485662	0.35995411573909264
0.24160436691586573	0.3673905304378776	0.3462283928642059	0.16599422491198945
0.30372611842885966	0.3490763814722509	0.36555120446184836	0.16860488113603173
0.25602230924409647	0.36497765120050557	0.3606265574937693	0.37445116886199065
0.2393299315691624	0.347098611605553	0.3599343380404256	0.08387722004667514
0.31395118863969	0.3511134844349502	0.34260907400814855	0.024603457141726688
0.26047229144416767	0.3545943594003393	0.3222775997784895	0.024425457853723857
0.258810964756141	0.34769194256556196	0.4064514853051698	0.058601321150270676
0.25906807483881167	0.35289347731497966	0.34033463866144553	0.035520746805901275
0.27396068193505013	0.3491357145682523	0.34852260590957596	0.11409754360982556
0.33758553854673445	0.359024563901744	0.34163996677346586	0.012499505557533229
0.2845615284205528	0.3876428938728688	0.35518769036034964	0.1611289110399114
0.3166805110557343	0.3585696768324022	0.35293303271231335	0.37095051619793523
0.2544005379534041	0.3623076618804636	0.33889086665875545	0.37611249555001813
0.3093232071516142	0.3305249001226228	0.35390213994699543	0.3531308096989834
0.25730785965745057	0.35093548514694806	0.34201574304813825	0.059491317590284906
0.24366124757723193	0.3413235235947942	0.3486017167042443	0.20934694039001642
0.2902772833353112	0.36387010007515475	0.35328903128831973	0.02444523555239086
0.23634349907044805	0.3518254815869623	0.344903287053518	0.012262173173529383
0.2500692219453345	0.37156362485661204	0.35271547802697606	0.024188125469720115
0.2557849768600929	0.3610814445631098	0.3639689885684897	0.3660258692298555
0.2743364582097228	0.36717297575254076	0.3567699062537079	0.07920968316126711
0.2612436216921799	0.3584312329417347	0.3596376725604205	0.047921363870099785
0.24302836121988863	0.3506783750642773	0.33517265930936324	2.951211951268719e-17
0.30162968237015914	0.358688343024405	0.3358253233653731	0.012400617064198264
0.249475890985325	0.35212214706696665	0.33651754281871704	0.35330880898698597
0.2713500257110082	0.36537320517384486	0.3530516989043157	0.11880463589256739
0.29520193030338987	0.34094774732012195	0.3533088089869862	0.0779043550492462
0.3313951188639693	0.35758079189905434	0.3519837031762981	0.2519481033186979
0.244946797990586	0.3828566907954591	0.3543174716190024	0.37140540326727545
0.23098374273169567	0.36307899212847516	0.3595190063684186	0.32109093785847076
0.31262608282900284	0.36355365689648345	0.32894268422926304	0.04709070052608637
0.2960128159487363	0.3409675250187883	0.3743325026699889	0.08429255171868175
0.24116925754519217	0.3615956647284521	0.35752145880305347	0.09586250543886687
0.2630236145722085	0.3738973932993151	0.349551046240259	0.04643803647007605
0.308215656026265	0.38544756932083357	0.3617341086191201	0.04728847751275631
0.2752066769510699	0.35040148728294007	0.35243859024563906	1.903831739358194e-17
0.25855385467347014	0.3875835607768679	0.354297693920335	0.38036470076341866
0.295617261975397	0.33507377081602746	0.35231992405363644	0.2800522131244812
0.30740477038091846	0.3586487876270713	0.3430639610774892	0.012262173173529367
0.2402990388038447	0.36748941893121256	0.3291404612159327	0.3568292393497093
0.23060796645702292	0.3611407776591117	0.3575610142003877	3.160687993650824e-17
0.28384953126854195	0.3353506585973652	0.3395237530160993	0.02462323484039366
0.21104782247537662	0.39343775958229504	0.3576005695977218	0.37702226968869873
0.2708555832443338	0.3782880424033848	0.36816186068589024	0.40310905423044935
0.28808195878327597	0.35953878406708556	0.3455757288081954	0.2117993750247224
0.28422530754321484	0.3787033740753927	0.35455480400300604	0.38550690241683455
0.256556307108105	0.34031486096277824	0.33861397887741745	1.4979719072428656e-17
0.279735769945809	0.3645425418298319	0.36145722083778303	2.6719105614259126e-17
0.27390134883904943	0.3283889086665876	0.3612792215497808	0.09253985206281383
0.29553815118072896	0.357244571021715	0.3483643843202403	0.08866342312408508
0.2739211265377163	0.37579605237134533	0.3576994580910557	0.36230766188046265
0.28932795379929593	0.36404809936315824	0.36224832878446234	0.28297931252719494
0.30528855662355087	0.3542185831256672	0.3499070448162651	0.3610221114671094
0.2068945057553101	0.36408765476049154	0.36703453186187296	0.01226217317352949
0.2489814485186504	0.36980340967524983	0.34525928562952374	0.3562754637870337
0.33742731695739864	0.3634152130058141	0.3786835963767249	0.02389145998971541
0.26931292274830887	0.35643368537636905	0.360270558917764	0.047684031486095985
0.290672837308651	0.3567896839523755	0.35125192832561913	0.358451010640402
0.3111427554289784	0.36254499426446735	0.3497488232269295	0.03617341086191176
0.28578774573790616	0.37371939401131266	0.36207032949645995	0.19981408963253028
0.3255409200585418	0.3518452592856295	0.3576994580910562	0.37864404097939164
0.23905304378782483	0.37664649341402556	0.3345199952533526	0.024425457853723912
0.2872315177405955	0.35230014635496937	0.3468612792215502	0.012499505557533243
0.28879395593528734	0.37692338119536367	0.3611407776591106	0.04869269411811217
0.2720620228630196	0.34682172382421556	0.35028282109093817	0.37599382935801584
0.28024999011115054	0.37927692733673496	0.35024326569360337	0.3768640480993636
0.2636565009295518	0.3574225703097183	0.36897274633123683	0.19018235038170958
0.22819508721965112	0.36501720659784026	0.36671808868320044	0.02460345714172676
0.2683635932122937	0.3683596376725595	0.328982239626597	0.18856057909101726
0.28088287646849425	0.3599541157390931	0.3385942011787501	0.22714686919030094
0.23630394367311452	0.37399628179265015	0.34868082749891244	0.36648075629919696
0.22075867252086573	0.36867608085123144	0.3359439895573749	0.3380799810134096
0.2310035204303627	0.3587081207230715	0.36096277837110746	0.035896523080573985
0.26165895336418665	0.3518848146829634	0.3607847790831061	0.254222538665401
0.25076144139867895	0.3703967406352586	0.3497488232269287	0.3787033740753922
0.2175744630354813	0.36181321941378897	0.35568213282702454	0.3453779518215262
0.2297970808116767	0.3513705945176214	0.3563347968830344	0.024425457853723936
0.23284284640639236	0.37672560420869344	0.36074522368577117	0.07034927415845867
0.250721886001345	0.3600134488350926	0.34980815632292994	2.8202894247799036e-17
0.24579723903326592	0.34254974091214696	0.36210988489379364	0.01226217317352942
0.2795379929591396	0.33068312171195674	0.3383370910960801	0.012262173173529395
0.26039318064949973	0.3580950120643957	0.36588742533918706	0.05782999090225837
0.26122384399351295	0.3881571140382097	0.33720976227206156	0.059016652822277416
0.2888730667299553	0.3453581741228589	0.33637909892804846	0.36624342391519293
0.23375262054507343	0.3724536212966256	0.34385506902416835	0.024188125469719986
0.258929630948143	0.3562359083896999	0.3367944306000551	0.39608797120367023
0.2661682686602587	0.3552074680590171	0.34587239428820027	0.0365294094379175
0.27607689569241683	0.35872789842173886	0.3653138720778444	0.24182192160120203
0.3195087219651125	0.3618527748111222	0.35376369605632724	0.036489854040583455
0.23575016811043853	0.345061508642854	0.3509750405442821	0.30766188046358944
0.2894070645939642	0.36303943673114203	0.37803093232071444	2.322783824122404e-17
0.19613543768047148	0.34652505834421066	0.3452592856295237	0.047090700526086486
0.28017087931648266	0.35635457458170067	0.3507377081602784	0.012499505557533172
0.250721886001345	0.3702187413472569	0.38693089672085684	0.3923697638542777
0.2746529013883949	0.3619516633044578	0.34804794114156856	0.012262173173529326
0.24983188956133076	0.3546932478936756	0.34907638147225195	0.37593449626201364
0.2422174755745423	0.36311854752580897	0.3423321862268104	0.046438036470075994
0.2867172975752545	0.35734345951505087	0.34931371385625565	0.14267631818361579
0.29468771013804806	0.3599343380404245	0.3624461057711318	0.03613385546457786
0.28738973932993156	0.3624856611684662	0.3346979945413548	0.024603457141726792
0.2930461611486892	0.36416676555515975	0.34430995609350906	1.5819805284065222e-18
0.2264348720382898	0.31573118151971824	0.36123966615244607	0.024188125469720066
0.23539416953443293	0.3581345674617306	0.35977611645108926	0.38962066373956705
0.22969819231834177	0.37449072425932495	0.3665994224911984	0.03534274751789855
0.26883825798030103	0.3523594794509706	0.36274277125113624	0.09679205727621497
0.2477750088999643	0.3557810213203583	0.3236620386851791	1.7641810444367908e-17
0.27479134527906335	0.3525968118349734	0.35619635299236574	0.09344962620149494
0.2748704560737315	0.3424112970214783	0.36102211146710983	0.11963529923658055
0.26211384043352715	0.3727700644752975	0.36889363553656906	0.21688224358213665
0.2941932676713738	0.35289347731497905	0.369922075867252	0.01226217317352948
0.26260828290020183	0.3922313199636082	0.33426288517068176	6.4697548506556395e-18
0.27878644040979483	0.34464617697084665	0.3684585261658956	0.012400617064198266
0.2381234919504767	0.36357343459514985	0.3717416241446146	0.324710256714529
0.3111625331276449	0.3652940943791774	0.3905106601795808	0.3770618250860333
0.2101182706380283	0.3313753411653016	0.35127170602428764	0.32765713381590916
0.25568608836675816	0.34626794826153995	0.3450615086428541	0.1843677069736164
0.2522843241960365	0.3374866500533985	0.32081405007713276	0.060262647838297385
0.22596020727028218	0.33521221470669565	0.36464143032316787	0.37484672283533027
0.2948063763300505	0.37075273921126456	0.36788497290455285	0.07758791187057446
0.25252165658004005	0.3535263636723229	0.33461888374668736	0.0813061192199674
0.2990981369407859	0.3680036390965546	0.34597128278153516	5.771501376048623e-18
0.3025394565088406	0.3530714766029811	0.350421264981606	0.09168941102013348
0.3057038882955579	0.3605276690004347	0.3487401605949133	0.012400617064198179
0.28713262924726085	0.3542581385230013	0.35038170958427234	0.024188125469720073
0.2854515248605672	0.37241406589929205	0.36907163482457145	0.01226217317352928
0.2711324710256715	0.3525374787389731	0.35603813140303	0.035758079189905055
0.2621138404335275	0.3573830149123844	0.34037419405877894	2.2878711503920532e-17
0.24116925754519233	0.3576599026937219	0.3502037102962701	0.3724338435979588
0.2771844468177682	0.35783790198172527	0.36610498002452374	0.3764882718246901
0.2533523199240539	0.35506902416834774	0.3637118784858184	0.024662790237727703
0.28139709663383583	0.37627071713935323	0.35837189984573364	0.024603457141726685
0.2888730667299557	0.37870337407539195	0.34059174874411546	0.03534274751789855
0.2628456152842053	0.37712115818203373	0.35330880898698575	0.012499505557533194
0.22783908864364524	0.3659863138325217	0.373580950120644	0.08037656738261913
0.2371741624144617	0.3576796803923899	0.344270400696175	0.0944385111348441
0.2455401289505952	0.3768640480993623	0.35164748229895926	0.14734385506902425
0.3162651793837272	0.3813733633954335	0.35785767968039156	0.05782999090225835
0.33867331197341877	0.33942486452276416	0.37947470432340435	0.3562359083896991
0.274059570428385	0.3775760452513735	0.3579763458723938	0.06402041058502408
0.2780744432577826	0.3587278984217385	0.35190459238163074	0.024445235552390858
0.29828725129543965	0.33768442704006874	0.3446461769708473	0.02418812546972003
0.24468968790791504	0.33645820972271573	0.3481468296349034	0.35942011787508293
0.2448676871959178	0.3459317273842013	0.3506388196669438	0.18571259048297095
0.26616826866025883	0.3538032514536597	0.36068589058977113	0.10563268858035657
0.237035718523793	0.35609746449903046	0.335983544954709	7.517135062566165e-18
0.24431391163324226	0.36853763696056313	0.3259760294292153	0.04756536529409399
0.16882243582136772	0.34616905976820506	0.3621692179897944	0.10068826391361074
0.33610221114671107	0.3649183181045057	0.3580950120643958	0.36565009295518325
0.24383924686523475	0.37324472924330476	0.3543570270163362	0.012499505557533201
0.25718919346544833	0.37947470432340424	0.3284086863652536	0.024188125469720035
0.31776828448241734	0.36796408369922196	0.3564930184723709	0.3687354139472324
0.2587911870574741	0.3579763458723943	0.3713262924726077	9.611895486387215e-18
0.3063367746529016	0.34739527708555795	0.34367706973616513	0.0357580791899052
0.28719196234326194	0.36513587278984194	0.32310826312250274	0.4054230449744868
0.27750088999644024	0.3606858905897705	0.3595585617657524	0.012262173173529468
0.2839484197618767	0.3521419247656345	0.3612001107551124	0.08340255527866755
0.27971599224714244	0.39053043787824765	0.3256398085518772	0.024603457141726768
0.3004627981488076	0.335271547802697	0.3465646137415458	0.012400617064198347
0.25914718563347955	0.33022823464261664	0.3315137850559701	0.09447806653217788
0.2212135595902061	0.37239428820062587	0.35091570744828116	0.036074522368576833
0.2263359835449547	0.3674894189312132	0.36446343103516454	0.3534472528776551
0.24771567580396336	0.3265100272932236	0.36495787350183934	0.0744037023851901
0.27682844824176267	0.37447094656065794	0.34980815632293016	0.18444681776828495
0.2879435148926074	0.34494284245085177	0.3715438471579449	0.08897986630275675
0.2578814129187931	0.3675289743285467	0.3485423836082429	0.38451801748348535
0.30787943514892635	0.3760531624540167	0.342945294885486	0.07102171591313602
0.27955777065780685	0.3476128317708942	0.3356473240773703	1.4150543071332822e-17
0.23501839325976037	0.3518057038882957	0.3480677188402363	0.012400617064198238
0.20760650290732147	0.3324631145919851	0.3828764684941262	0.0706657173371304
0.2696095882283142	0.37633005023535326	0.34868082749891194	0.06884616905976798
0.28996084015663925	0.3533285866856528	0.3449230647521849	0.024425457853723846
0.29306593884735566	0.3848937937581573	0.3712076262806063	1.5983458442176244e-17
0.2910881689806572	0.3619912187017909	0.35603813140302915	0.0124006170641983
0.22485265614493102	0.35038170958427234	0.34998615561093327	0.02466279023772758
0.3260353625252174	0.35619635299236535	0.3733040623393058	0.02420790316838703
0.2818519837031765	0.3584510106404014	0.3416992998694675	0.3479886080455677
0.2187413472568329	0.35398125074166337	0.3475930540722276	0.012262173173529322
0.21530002768877837	0.35479213638700946	0.3597761164510889	2.322783824122404e-17
0.2531347652387166	0.3320082275226449	0.3642063209524937	0.02460345714172662
0.2548752027214116	0.347672164866897	0.3570863494323803	0.04815869625410354
0.22129267038487396	0.37957359281674014	0.33938530912543025	0.38068114394209057
0.23806415885447557	0.3622681064831289	0.3649183181045046	1.2884958648607606e-17
0.289248843004628	0.3569083501443763	0.3353902139946986	0.10480202523634351
0.2160713579367902	0.3558996875123601	0.37043629603259265	0.3794351489260703
0.27328824018037257	0.3498872671175976	0.3721767335152882	0.3204382738024596
0.2501878881373361	0.37413472568331935	0.3348759938293577	0.023891459989715334
0.3186582809224324	0.3457141726988644	0.36015189272576265	0.03589652308057404
0.2658320477829205	0.3600332265337596	0.3462283928642066	1.065927569829774e-17
0.2878841817966063	0.3701396305525881	0.33436177366401704	2.0434824342795974e-17
0.2746529013883944	0.38228313753411675	0.3558007990190258	0.012262173173529234
0.28501641548989404	0.3562556860883655	0.35580079901902595	0.023891459989715463
0.30032435425813847	0.3802262568727502	0.32925912740793445	0.09983782287093045
0.26604960246825693	0.3405521933467814	0.33343222182666804	0.06437640916102977
0.2310232981290296	0.3734622839286413	0.338159091808077	0.32817135398125086
0.2994936909141251	0.36420632095249383	0.34156085597879837	0.08007990190261415
0.25669475099877404	0.3777738222380429	0.34268818480281615	0.1575293698825206
0.28143665203117035	0.359697005656421	0.3537834737549936	0.390095328507575
0.2775008899964401	0.36907163482457195	0.36009255962976133	0.15594715398916215
0.26011629286816185	0.36970452118191516	0.35002571100826724	0.02389145998971522
0.2797951030418101	0.3737787271073138	0.36559075985918243	0.03617341086191173
0.25216565800403434	0.373442506229975	0.3339266642933428	0.012400617064198325
0.2951228195087224	0.3593410070804151	0.35002571100826774	0.036173410861911774
0.24555990664926203	0.3751829437126687	0.3328388908666582	0.3933388710889596
0.220066453067521	0.361279221549781	0.3690518571259047	0.012499505557533222
0.24957477947865966	0.37221628891262165	0.35265614493097525	0.012499505557533201
0.1929116727977531	0.3549701356750119	0.36268343815513543	0.2682251493216247
0.21955223290217973	0.36145722083778287	0.3548119140856768	0.024445235552390875
0.22596020727028185	0.3498081563229288	0.3546536924963414	0.07058660654246236
0.3230884854238368	0.3570270163363788	0.36849808156322933	1.5896176757850367e-17
0.30196590324749795	0.3634152130058142	0.3578576796803923	0.2590680748388113
0.23636327676911523	0.3587476761204068	0.369625410387247	0.06382263359835423
0.2438590245639019	0.34676239072821446	0.3566116846643726	5.771501376048623e-18
0.27267513152169637	0.3701989636485899	0.35305169890431526	0.2852339701752305
0.26053162454016854	0.37514338831533517	0.39448597761164456	0.3613187769471144
0.2770460029270996	0.34484395395751677	0.3493334915549225	0.32399825956251715
0.2526798781693763	0.36313832522447675	0.3549899133736789	0.2466872354732804
0.24006170641984106	0.36349432380048163	0.35196392547763133	0.012262173173529432
0.30602033147422947	0.354633914797674	0.3624263280724657	0.0641786321743599
0.2925319409833474	0.3433210711601601	0.3568885724457101	0.229025750563665
0.31005498200229425	0.344527510778845	0.34919504766425313	0.012262173173529263
0.24730034413195692	0.3723942882006253	0.35829278905106604	0.09337051540682709
0.2970214785807523	0.3477314979628964	0.35866856532573926	0.08571654602270458
0.21077093469403896	0.35192437008029714	0.33185000593330904	0.33349155492266774
0.2597009611961555	0.37413472568331974	0.3460108381788699	0.036390965547248556
0.29324393813535865	0.3495510462402595	0.33699220758672455	0.03641074324591559
0.21994778687551916	0.3807800324354251	0.35641390767770276	0.07414659230251942
0.291444167556663	0.3715438471579437	0.3565325738697046	0.08988964044143803
0.2770460029270993	0.34612950437087087	0.31915272338910616	0.012400617064198163
0.23739171709979803	0.36774652901388294	0.3477117202642297	0.02389145998971539
0.2571891934654488	0.3338079981013411	0.36624342391519293	0.36958585498991253
0.2763142280764209	0.3692694118112408	0.3380008702187411	0.05885843123294159
0.22621731735295283	0.35376369605632657	0.3608836675764407	0.3370515406827255
0.26197539654285856	0.3529330327123134	0.3372097622720627	0.1643724536212963
0.30305367667418237	0.349709267829595	0.36027055891776366	0.14364542541829833
0.2771053360231006	0.3563941299790352	0.3761124955500174	0.186503698429651
0.26148095407618394	0.3531110320003153	0.36448320873383167	0.14730429967169043
0.2093073849926823	0.35675012855504074	0.34569439500019766	0.3560183537043627
0.2822277599778486	0.3464261698508756	0.3736996163126457	0.06856928127843011
0.2805071001938214	0.35093548514694806	0.35186503698429694	0.37233495510462367
0.3356473240773707	0.36274277125113674	0.3594003401764171	0.3909655472489221
0.2603140698548314	0.3659665361338545	0.34883904908824837	0.047407143704758195
0.24198014319053845	0.35524702345635	0.34262885170681506	0.012499505557533182
0.23658083145445197	0.3936750919662978	0.3740753925873181	0.06906372374510468
0.2840868636525457	0.35235947945097035	0.3425299632134803	0.13739567263953142
0.2549543135160793	0.35714568252838014	0.34391440212016905	0.10766979154305599
0.30068035283414435	0.35635457458170167	0.3282702424745858	0.38835489102488
0.3142676318183615	0.358925675408409	0.33993908468810546	1.1706655910208264e-17
0.2608282900201734	0.3764882718246899	0.3261540287172186	0.048000474664767694
0.2666231557295995	0.33958308611209964	0.34502195324552065	0.19293145049642046
0.2565167517107711	0.34565483960286375	0.37188006803528306	0.11455243067916619
0.2852735255725645	0.37814959851271657	0.34003797318144036	8.837270537995055e-19
0.30851232150626967	0.35398125074166353	0.3584510106404011	0.10076737470827869
0.2982476958981055	0.3711285154859371	0.34328151576282634	0.13086903207942735
0.257841857521459	0.3574819034057194	0.37985048059807697	0.3833313555634658
0.21911712353150586	0.3729282860646341	0.3533879197816545	0.13557612436216904
0.30048257584747445	0.3699616312645852	0.3770816027846996	0.3641865432538269
0.27736244610577154	0.3431826272694913	0.3713658478699422	0.06378307820102043
0.32384003797318217	0.37759582295004074	0.35777856888572424	0.06868794747043194
0.19142834539772927	0.35038170958427306	0.3555634666350219	2.0434824342795974e-17
0.2936394921086982	0.3719196234326172	0.36260432736046827	0.15408805031446518
0.3142874095170287	0.34490328705351747	0.34870060519757917	2.3926091715831057e-17
0.24619279300660565	0.3701594082512555	0.3632767691151453	0.3689727463312362
0.22712709149163401	0.33875242276808637	0.3526561449309751	0.3641667655551596
0.26282583758553846	0.3627823266484706	0.35999367113642666	0.08316522289466365
0.23211107155571398	0.3741149479846518	0.3274198014319052	0.024425457853723968
0.24781456429729842	0.36426565404849365	0.3478303864562307	0.36454254182983314
0.2582967445907995	0.37949448202207153	0.3593607847790835	0.3962857481903397
0.28414619674854635	0.3743325026699897	0.32370159408251264	0.05860132115027079
0.16945532217871112	0.3587674538190731	0.34713816700288647	0.3814920295874373
0.28432419603654935	0.38113603101143084	0.36659942249119903	0.03575807918990512
0.2570903049721135	0.35443613781100375	0.3725129543926264	0.32684624817056324
0.2966061469087455	0.3384557572880816	0.3795538151180729	0.13717811795419485
0.2973576994580913	0.37975159210474263	0.3773584905660376	0.37591471856334757
0.26513982832957583	0.34587239428820077	0.3584905660377356	0.22508998852893544
0.28268264704718965	0.36159566472845206	0.3605870020964357	0.024425457853723912
0.28179265060717523	0.3653732051738451	0.34575372809619875	0.02444523555239087
0.2933428266286934	0.35686879474704164	0.3411850797041255	0.13891855543688938
0.2617182864601878	0.3485621613069094	0.33756576084806816	0.3455559511095286
0.22433843597958936	0.3845773505794859	0.34128396819746054	0.21185870812072294
0.2819310944978446	0.35188481468296234	0.3529528104109812	0.3650765396938413
0.21961156599818052	0.3817293619714397	0.3296546813812745	0.35720501562438234
0.26025473675883093	0.38048336695542095	0.3671729757525408	0.3730865076539692
0.25776274672679095	0.36307899212847583	0.3780704877180494	0.06198330762232479
0.2321110715557139	0.36774652901388344	0.35301214350698173	0.39223131996360866
0.293738380602033	0.34260907400814855	0.33999841778410667	0.39774929789169716
0.22603931806494984	0.3647403188165018	0.3599541157390928	1.4150543071332822e-17
0.2739409042363831	0.33893042205609014	0.3706142953205961	4.374994426834589e-18
0.27281357541236523	0.37122740397927195	0.3509157074482807	0.13785055970887222
0.2513943277560224	0.35443613781100497	0.34092796962145466	0.3647205411178352
0.26470471895890196	0.35275503342431014	0.34266840710414953	0.012499505557533258
0.24484790949725083	0.3433408488588265	0.36141766544044934	0.368082749891222
0.28808195878327586	0.37571694157667795	0.3471381670028866	0.38410268581147855
0.27684822594042996	0.36432498714449546	0.3452790633281911	0.3159685139037229
0.23800482575847487	0.36046833590443417	0.3661049800245241	0.3683991930698949
0.27089513864166764	0.3565523515683709	0.3390095328507573	0.3421344092401414
0.3395237530160989	0.3610023337684421	0.36250543886713293	0.2971994778687549
0.26100628930817626	0.3570467940350455	0.3704165183339263	0.07375103832917972
0.2874490724259323	0.37154384715794486	0.3369130967920567	0.37868359637672605
0.25360943000672465	0.37502472212333343	0.37334361773664015	0.3664016455045298
0.27817333175111725	0.3622285510857953	0.35101459594161694	0.2136189233020845
0.31092520074364133	0.3540405838376642	0.3474348324828916	0.18871880068035307
0.24020015031050979	0.3682211937818904	0.35777856888572435	-1.6365315811101955e-19
0.27506823306040107	0.3710691823899372	0.3394644199200973	3.5796400784150344e-17
0.2796566591511415	0.3779715992247137	0.3502630433922713	0.047387366006091246
0.273130018591037	0.3553063565523512	0.3559590206083618	0.2905739488153164
0.2955579288793955	0.3604683359044334	0.3491357145682528	0.3788813733633953
0.2957952612633995	0.3756971638780105	0.3704560737312602	0.1031011431509828
0.2825639808551881	0.34792927494956605	0.34071041493611814	0.24757723191329467
0.2288081958783274	0.35326925358965233	0.3719789565286183	0.012262173173529383
0.26494205134290616	0.35799612357106086	0.35773901348839077	0.05782999090225837
0.24095170285985582	0.34739527708555795	0.3471975000988884	0.024781456429729527
0.28974328547130274	0.3598552272457575	0.35716546022704876	0.05949131759028485
0.2732684624817056	0.3882757802302125	0.34741505478422463	0.3503025987896045
0.22301333016890162	0.3701989636485891	0.364641430323167	0.04722914441675525
0.2333768442704009	0.3808195878327591	0.3395039753174319	1.3452289596725807e-17
0.2899212847593056	0.37383806020331406	0.34769194256556346	0.0357580791899051
0.29363949210869855	0.35667101776037324	0.34640639215220875	0.3758158300700126
0.31197341877299184	0.3343617736640164	0.35858945453107033	0.19312922748309036
0.23062774415568998	0.353091254301649	0.415984336062656	0.08158300700130511
0.2752066769510697	0.36924963411257333	0.36325699141647866	0.26988647600965154
0.28175309520984126	0.3710691823899372	0.35767968039238957	0.012400617064198313
0.2725169099323604	0.3916379890035998	0.3408488588267871	0.02418812546972003
0.21832601558482664	0.3580752343657288	0.34189707685613696	3.125775319920473e-17
0.2892290653059612	0.3511728175309521	0.3602310035204296	0.012262173173529345
0.23503817095842722	0.3464459475495428	0.33683398599738906	0.012499505557533198
0.2795973260551405	0.3728491752699651	0.3231478185198363	0.2805466555911546
0.2332186226810649	0.3650369842965077	0.3526165895336413	0.21213559590206077
0.28481863850322364	0.3505794865709424	0.35411969463233245	0.11289110399113964
0.2668209327162691	0.3454966180135277	0.3618923302084567	1.1706655910208264e-17
0.2854119694632334	0.36129899924844716	0.3658874253391868	0.36602586922985547
0.22435821367825654	0.3778133776353778	0.3608045567817731	0.11002333768442696
0.27136980340967554	0.34897749297891595	0.34820616273090427	0.34045330485344666
0.23626438827578003	0.35860923222973745	0.33453977295201937	0.3558996875123604
0.25483564732407754	0.3582334559550648	0.34612950437087103	1.232853791103014e-18
0.2267513152169613	0.35160792690162573	0.33068312171195785	0.358747676120407
0.32200071199715213	0.39359598117162964	0.38362802104347066	0.012400617064198366
0.2843439737352163	0.34272774020014973	0.34557572880819604	9.611895486387215e-18
0.28735018393259787	0.37152406945927785	0.35204303627229894	0.1708397610854002
0.28616352201257883	0.33802064791740893	0.3382975356987459	5.073247901441606e-18
0.29888058225544883	0.34785016415489883	0.3635932122938176	0.047565365294094004
0.2660891578655908	0.36165499782445254	0.3536252521656578	0.2200466753688537
0.25979984968949005	0.3774376013607051	0.36646097860053023	0.012262173173529475
0.27963688145247406	0.3549503579763448	0.35890589770974246	1.7641810444367908e-17
0.21737668604881122	0.3644436533364973	0.3526363672323088	0.012262173173529447
0.19959653494719345	0.36056722439776834	0.3326806692773223	0.3890668881768921
0.2839088643645434	0.36404809936315746	0.36703453186187207	0.024662790237727623
0.24941655788932415	0.3579367904750604	0.38176891736877494	0.08862386772675114
0.25143388315335646	0.35635457458170117	0.3548119140856765	0.39503975317432
0.22704798069696608	0.34150152288279734	0.37646849412602323	0.3766267157153589
0.2163086903207943	0.3545152486056719	0.3472568331948892	0.394129979035639
0.31970649895178177	0.3420355207468054	0.3347573276373559	0.3510541513389499
0.2908310588979869	0.3411455243067912	0.3456943950001978	0.04147383410466326
0.30251967881017344	0.36347454610181595	0.3782880424033858	2.8115612563473156e-17
0.21405403267275822	0.3470788339068865	0.32170404651714707	0.06987460939045113
0.2575649697401211	0.35611724219769775	0.35805545666706196	0.3524583679443063
0.31209208496499397	0.3627625489498037	0.36404809936315746	0.3705154068272622
0.26183695265218965	0.3934377595822941	0.35811478976306266	0.370020964360587
0.2525612119773748	0.3739962817926499	0.3443099560935087	0.33509354851469475
0.2633993908468812	0.3491357145682523	0.37660693801669254	0.03589652308057395
0.2534709861160555	0.33232467070131677	0.36153633163245014	0.012400617064198342
0.2268699814089633	0.3690518571259042	0.35799612357106125	0.33408488588267826
0.27791622166844665	0.37395672639531596	0.3889284442862225	2.8115612563473156e-17
0.28909062141529196	0.364977651200506	0.3468415015228828	0.02478145642972955
0.30289545508484655	0.3688343024405675	0.3507377081602782	0.04746647680075914
0.29561726197539673	0.3534472528776547	0.3582334559550652	0.3792769273367345
0.22471421225426222	0.3495114908429264	0.3813733633954358	0.1282583758553859
0.295142597207389	0.3366559867093859	0.3551481349630156	0.1761599620268187
0.25525097899608407	0.3431035164748234	0.3463470590562081	0.3840037973181441
0.24708278944662018	0.3652545389818438	0.32241604366915794	1.5547050020546858e-17
0.2604327360468333	0.3476721648668953	0.3192516118824415	0.07224793323048899
0.24666745777461366	0.3659863138325219	0.35910367469641247	0.17987816937621148
0.2571100826707806	0.3687551916458996	0.3572841264190497	0.3852102369368309
0.266741821921601	0.3490170483762505	0.36094300067244095	0.012262173173529439
0.27267513152169603	0.3778727107313785	0.34363751433883066	0.024188125469720094
0.27079625014833264	0.3803251453660853	0.36634231240852866	0.05749377002491956
0.249792334163997	0.3735018393259757	0.36517542818717585	0.1899252402990385
0.28859617894861744	0.33339266642933474	0.37415450338198586	0.01249950555753321
0.23537439183576567	0.3570665717337123	0.3524188125469713	0.371741624144614
0.2674735967722797	0.3571852379257144	0.343934179818836	0.17204620070408624
0.2846010838178871	0.3757169415766773	0.366164313120525	0.07303904117716836
0.2656342707962503	0.3676476405205481	0.353645029864325	0.06934061152644244
0.27746133459910605	0.37549938689134055	0.3367153198053872	1.5197923283243347e-17
0.26873936948696653	0.3482654958269045	0.37571694157667884	0.3870891183101933
0.25807918990546286	0.34788971955223297	0.36535342747517846	0.08265100272932227
0.28242553696451883	0.34996637791226515	0.3515090384082909	0.012400617064198299
0.2249119892409319	0.3654325382698466	0.3642260986511612	0.06892527985443592
0.2848186385032244	0.35261658953364167	0.3628416597444721	3.0559499724597714e-17
0.31076697915430584	0.39836240655037264	0.329911791463945	0.2213520034808757
0.2528183220600454	0.36446343103516426	0.3570270163363794	0.03676674182192131
0.285787745737906	0.37905937265139783	0.34278707329615066	0.024188125469720035
0.2734069063723747	0.36721253114987507	0.3871682291048616	0.09598117163086889
0.30459633717020684	0.3691111902219052	0.3195284996637786	0.01226217317352948
0.24611368221193794	0.3573236818163837	0.35352636367232315	0.17283730865076552
0.25082077449467993	0.3624658834697991	0.3660654246271905	2.1831331292010007e-17
0.28952573078596633	0.3715438471579445	0.37811004311538354	-6.7970611668776785e-18
0.2187215695581662	0.359103674696412	0.3534472528776543	0.36928918950990874
0.24811122977730324	0.37203828962461855	0.34963015703492695	0.05864087654760467
0.28313753411653053	0.343677069736165	0.36566987065385015	0.02444523555239094
0.28396819746054397	0.34575372809619853	0.3457141726988645	1.7379965391390277e-17
0.3030338989755155	0.37547960919267465	0.35279458882164466	0.20191052569123036
0.2745540128950599	0.33837664649341387	0.35686879474704325	1.903831739358194e-17
0.2763933388710889	0.3241564811518531	0.3458921719868674	0.04804003006210167
0.31304141450100903	0.34496262014951906	0.3693880780032435	0.07011194177445482
0.2811399865511645	0.34941260234959104	0.34636683675487506	0.37787271073137957
0.2439381353585697	0.3322851153039833	0.3614769985364508	0.012499505557533203
0.23041018947035333	0.3559787983070274	0.36505676199517356	1.6245303495153875e-17
0.2959930382500694	0.3837862426328069	0.3357857679680393	0.09594161623353488
0.29091016969265454	0.37067362841659723	0.3415015228827975	0.16512400617064188
0.271409358807009	0.35932122938174843	0.38445868438748454	0.03623274395791275
0.2453225742652586	0.36521498358451027	0.3456943950001972	0.0478026976780979
0.28881373363395463	0.3585498991337366	0.3413235235947942	0.024425457853723843
0.28491752699655915	0.3453779518215259	0.34561528420552956	0.07873501839325969
0.21856334796883053	0.36792452830188666	0.3503817095842725	0.16737866381867844
0.2720818005616866	0.3887900003955539	0.35508880186701486	0.02444523555239085
0.26715715359360814	0.34729638859222195	0.391855543688936	0.02444523555239087
0.23357462125707074	0.36470076341916774	0.3615165539337841	0.10410980578299907
0.28127843044183426	0.36705430956053925	0.33637909892804807	0.07007238637712088
0.3173331751117441	0.37193940113128454	0.35930145168308203	0.07017127487045585
0.24516435267592268	0.35574146592302447	0.3301689015466159	0.12323484039397195
0.24652901388394477	0.3699022981685842	0.3523001463549697	0.046438036470076
0.295459040386061	0.37172184644594725	0.35645346307503606	0.0414738341046632
0.2472805664332902	0.37407539258731765	0.34616905976820456	0.11823108263122499
0.23832126893714722	0.35275503342431025	0.36305921442980854	0.29522170800205666
0.2596811834974883	0.3661840908191913	0.3857640124995057	0.024781456429729544
0.25912740793481326	0.38505201534749417	0.3535856967683241	0.01249950555753324
0.25204699181203294	0.3596376725604205	0.3593410070804166	0.36179344171512173
0.27676911514576197	0.3731062853526363	0.3719987342272852	0.2778766662711125
0.24079348127051897	0.36220877338712804	0.34383529132550145	0.37065385071792956
0.28062576638582354	0.34185752145880277	0.3476128317708946	1.5547050020546858e-17
0.29842569518610834	0.3866935643368533	0.33788220402673913	0.023891459989715293
0.2527589889640443	0.34302440568015385	0.352240813258969	0.2996716902021282
0.27190380127368374	0.3572643487203822	0.3466041691388791	0.07248526561449278
0.27135002571100864	0.3454768403148604	0.3788813733633948	0.03575807918990524
0.2543807602547366	0.3318697836319765	0.3247893675091962	0.3416201890747993
0.26753292986828087	0.37589494086468	0.3551679126616826	0.0580475455875951
0.2685218148016301	0.35568213282702305	0.36739053043787834	0.024188125469720045
0.2720224674656859	0.35384280685099373	0.36189233020845635	3.719290773336438e-17
0.24079348127051928	0.3795142597207382	0.34096752501878885	0.3301886792452827
0.22823464261698495	0.36410743245915944	0.36181321941378924	0.3927455401289502
0.21733713065147767	0.35694790554171063	0.3631581029231442	0.399173292195719
0.24809145207863603	0.36566987065385054	0.3469403900162178	0.19969542344052874
0.24184169929986937	0.35589968751236095	0.3487994936909138	0.10753134765238691
0.2123729282860647	0.3603298920137658	0.3591630077924131	0.38081958783275943
0.31207230726632657	0.3687551916458993	0.3513903722162886	0.389383331355563
0.24771567580396361	0.35433724931766974	0.34266840710414925	0.024662790237727654
0.27279379771369827	0.34879949369091434	0.35574146592302464	0.3580752343657297
0.3362802104347141	0.3643645425418293	0.3678454175072188	1.938744413088545e-17
0.2601954036628296	0.3575807918990539	0.34019619477077545	0.4054626003718208
0.3292393497092673	0.36907163482457106	0.3654325382698469	0.31442585340769746
0.29290771725801995	0.39650330287567687	0.3400973062774406	0.0802776788892842
0.2730311300977021	0.3423124085281427	0.3676476405205492	0.04768403148609588
0.2714291365056763	0.3521617024643009	0.38726711759819604	0.012262173173529432
0.2775602230924412	0.3447450654641822	0.3497488232269296	0.12873304062339322
0.2945690439460471	0.36193188560579087	0.3696254103872474	0.03617341086191174
0.21168070883272017	0.3691309679205724	0.34824571812823896	0.3841422412088111
0.27799533246311514	0.34256951861081414	0.34082908112811944	1.3103162859422299e-17
0.269451366638978	0.3482852735255727	0.3516870376962932	0.3693287449072415
0.2776393338871091	0.35536568964835213	0.37838693089672093	0.38855266801154975
0.24198014319053845	0.3593410070804154	0.3563150191843674	0.12651793837269124
0.24288991732921963	0.3527748111229774	0.3683991930698946	0.17052331790672803
0.2836517542818724	0.35669079545904	0.35239903484830487	0.024445235552390806
0.24223725327320925	0.36147699853644977	0.35481191408567686	0.04697203433408458
0.25135477235868847	0.3529132550136462	0.37356117242197684	0.012400617064198262
0.25568608836675794	0.3485423836082436	0.3614967762351181	0.05800799019026125
0.29733792175942375	0.341521300581464	0.3564139076777031	2.8115612563473156e-17
0.30965942802895524	0.3375064277520665	0.3319488944266439	0.07367192753451177
0.27224002215102255	0.3503619318856057	0.34096752501878913	0.07901190617459737
0.2810608757564974	0.3572050156243822	0.35738301491238483	0.02442545785372387
0.2778964439697794	0.36594675843518826	0.35643368537636927	0.36230766188046293
0.25301609904671507	0.3611012222617772	0.33685376369605635	1.1706655910208264e-17
0.2805664332898222	0.3844586843874832	0.3405719710454489	3.6767409522275726e-18
0.3090463193702786	0.34612950437087103	0.3641074324591587	0.02484078952573048
0.2860646335192437	0.3770420473873653	0.34336062655749366	0.024188125469720146
0.2703018076816584	0.3561567975950324	0.34343973735216177	0.024445235552390778
0.24255369645188082	0.3647205411178345	0.3404137494561133	0.09526917447885751
0.23019263478501614	0.3440330683121702	0.33155334045330487	0.36448320873383167
0.22224199992088917	0.3538032514536604	0.3490961591709185	0.25525097899608445
0.2555674221747559	0.3530516989043143	0.3858233455955055	0.32421581424785334
0.27044025157232665	0.3803449230647509	0.3648589850085043	0.012400617064198228
0.2949448202207195	0.36264388275780146	0.3437759582295003	0.24372058067323285
0.28280131323919144	0.34779083105889785	0.35603813140302976	0.01240061706419824
0.26444760887623125	0.3541988054270004	0.3431035164748232	0.05749377002491954
0.21561647086744976	0.34963015703492734	0.3607452236857721	0.3895415529448994
0.2406352596811836	0.3539219176456625	0.3337091096080058	0.37987025829674453
0.21915667892883972	0.3240773703571845	0.32609469562121696	0.24900122621731716
0.23984415173450419	0.3655907598591824	0.36303943673114236	0.40182350381709575
0.23309995648906306	0.3457735057948656	0.35287369961631226	0.37858470788339105
0.24061548198251673	0.35293303271231274	0.37142518096594235	0.024188125469719962
0.22467465685692825	0.38910644357422564	0.3604090028084328	1.232853791103014e-18
0.25635853012143517	0.34996637791226615	0.33052490012262226	0.11896285748190338
0.2787073296151262	0.3540010284403301	0.34628772596020724	0.20638028558996824
0.2543214271587357	0.3494323800482569	0.34023575016811036	0.03534274751789849
0.2790831058897986	0.35910367469641125	0.3584114552430667	0.3753411653020052
0.2868161860685893	0.34278707329615166	0.36201099640045786	0.3795933705154064
0.2862821882045814	0.3451999525335233	0.3435781812428301	0.39636485898500873
0.2822277599778495	0.3549701356750126	0.3597167833550896	1.065927569829774e-17
0.2441161346465727	0.3608836675764403	0.3609627783711084	0.03613385546457783
0.22334955104624032	0.351469483010957	0.36294054823780675	5.073247901441606e-18
0.27071713935366504	0.3716229579526121	0.33582532336537313	0.376646493414026
0.3035481191408573	0.36121988845377917	0.33457932834935267	0.14647363632767707
0.2079822791819942	0.38966021913689963	0.3496103793362603	0.012400617064198335
0.2949448202207191	0.341264190498793	0.35384280685099506	0.2752264546497377
0.23078596574502624	0.3525572564376404	0.3613583323444479	0.024207903168386977
0.26387405561488875	0.3523990348483046	0.3490961591709184	0.22758197856097503
0.22924330524900122	0.36895296863256977	0.33833709109607957	0.036232743957912816
0.22734464617697095	0.36776630671255117	0.3718800680352835	0.08340255527866755
0.26591115857758774	0.3510739290376161	0.35071793046161126	0.33270044697598955
0.24500613108658684	0.37346228392864217	0.35957833946442	0.32211937818915337
0.27617578418575195	0.34854238360824347	0.345259285629524	0.16241446145326527
0.2480914520786361	0.3744116134646566	0.3513705945176216	0.3751829437126694
0.24807167437996913	0.3456152842055291	0.3493928246509228	0.3681025275898895
0.2593845180174833	0.365847869941853	0.3637712115818196	0.3742929472726555
0.2810410980578298	0.34587239428820077	0.3583125667497333	1.7641810444367908e-17
0.2679878169376215	0.3586883430244054	0.32641113879988887	0.12169217989794709
0.29632925912740776	0.35135081681895447	0.3501245995016023	0.3475337209762274
0.2785491080257904	0.34215418693880734	0.3312962303706347	0.4059174874411607
0.2349986155610934	0.3709900715952688	0.3505201534749406	0.34369684743483314
0.30089790751948126	0.3427475178988173	0.3642656540484945	0.13162058462877282
0.28422530754321423	0.37298761916063433	0.35720501562438084	7.866261799869673e-18
0.2713698034096756	0.3718800680352837	0.3653929828725133	0.38289624619279344
0.26480360745223724	0.37547960919267326	0.327360468335905	0.3414619674854628
0.23371306514773948	0.34939282465092264	0.33768442704007007	1.0790198224786555e-17
0.2170602428701395	0.3666389778885326	0.32860646335192367	3.090862646190122e-17
0.27453423519639225	0.37352161702464287	0.35627546378703373	0.14283453977295235
0.19437522249910993	0.35530635655235127	0.38004825758474703	0.09060163759344937
0.22961908152367388	0.343677069736165	0.320280052213125	0.036074522368576875
0.3183418377437603	0.3402159724694422	0.3436968474348324	0.31824294925042557
0.2594438511134843	0.3490170483762498	0.3515288161069579	0.35997389343776
0.2991772477354539	0.345635061904197	0.35040148728293996	1.8547357919248882e-19
0.2902377279379771	0.3766267157153584	0.36456231952849877	0.3552272457576846
0.25086032989201384	0.3571061271310472	0.34237174162414474	0.38186780586211005
0.24631145919860772	0.35002571100826757	0.3602310035204303	0.39322020489695875
0.2834144218978685	0.36764764052054877	0.35150903840829034	0.01240061706419832
0.288259958071279	0.34500217554685286	0.3664016455045288	0.06809461651042256
0.2760768956924172	0.3693880780032433	0.3696649657845814	0.38068114394209074
0.2731102408923697	0.3566710177603737	0.3536648075629919	3.3352513623025786e-17
0.25303587674538136	0.37856493018472337	0.3462481705628737	0.11421620980182748
0.2276413116569755	0.3500454887069333	0.36363276769115094	0.012262173173529409
0.23023219018235042	0.34078952573078514	0.33807998101340947	0.3812942526007675
0.2652189391242438	0.35576124362169137	0.34703927850955263	0.024445235552390927
0.3119140856769908	0.3619714410031243	0.35142992761362346	0.012400617064198163
0.3021636802341682	0.35435702701633526	0.3577192357897225	0.012400617064198332
0.26889759107630234	0.3656500929551826	0.32170404651714724	0.012400617064198207
0.24741901032395897	0.3398797515921045	0.3647205411178342	0.046833590443415736
0.24921878090265423	0.34765238716822877	0.36034966971243215	0.38238202602745147
0.2796566591511412	0.3393655314267626	0.34658439144021175	0.024207903168387106
0.299493690914125	0.33600332265337624	0.3558205767176934	0.08423321862268074
0.30463589256754053	0.37941537122740354	0.3595981171630866	-3.3057937938425947e-18
0.25938451801748336	0.3515090384082904	0.3470590562082192	0.350539931173609
0.3008583521221472	0.3501641548989353	0.34713816700288763	-1.2110333700215447e-18
0.26701870970293906	0.3388908666587558	0.3545152486056723	0.23286262410505856
0.2972983663620901	0.344507733080179	0.3376250939440682	0.03676674182192126
0.24682567936394947	0.34367706973616574	0.34448795538151206	0.03575807918990507
0.2269095368062975	0.37253273209129384	0.37286895296863315	2.881386603808017e-17
0.2510185514813498	0.3597365610537553	0.3701989636485889	0.3676674182192159
0.2865590759859186	0.34614928206953793	0.341145524306791	0.3802460345714175
0.29686325699141647	0.35135081681895497	0.3515288161069574	0.3193109449784423
0.28315731181519743	0.3554448004430203	0.34227285313080935	1.275403612211879e-17
0.28845773505794853	0.3718602903366159	0.37627071713935406	0.09072030378545115
0.27568134171907754	0.3474743878802253	0.37462916814999364	0.14340809303429433
0.25600253154542957	0.3579170127763936	0.373304062339306	0.1713935366480759
0.256378307820102	0.36570942605118406	0.3673509750405433	0.3978284086863651
0.2705984731616625	0.3630789921284755	0.34794905264823395	0.024919900320398466
0.2323484039397178	0.3246509236185277	0.3564930184723704	0.012400617064198224
0.27941932676713715	0.38068114394208946	0.3523397017523033	0.3746291681499938
0.2552312012974171	0.3653929828725124	0.3381986472054107	0.012499505557533255
0.30075946362881256	0.3520232585736322	0.3412048574027923	0.02418812546972006
0.2612040662948463	0.35858945453107083	0.3589850085044104	0.2268699814089633
0.2946085993433803	0.3460306158775364	0.3655314267631816	0.3613583323444482
0.2850955262845619	0.37186029033661533	0.3761916063446848	2.1264000343891808e-17
0.2510185514813496	0.3446066215735136	0.3509750405442828	0.08316522289466374
0.257129860369447	0.3803449230647503	0.33329377793599846	0.012262173173529385
0.2274633123689729	0.3770618250860325	0.3477710533602309	0.38220402673944853
0.2685415925002967	0.35289347731497966	0.3251453660852026	0.3762113840433527
0.2528380997587122	0.35756101420038694	0.36598631383252256	0.13098769827142917
0.2545785372414067	0.3440330683121709	0.3559985760056951	0.36056722439776867
0.2735453502630434	0.3625647719631344	0.36470076341916846	0.3919148767849367
0.24423480083857455	0.34577350579486466	0.36080455678177314	0.3495510462402596
0.284620861516554	0.33509354851469436	0.3590047862030764	0.2719631343696851
0.1984889838218424	0.3716031802539447	0.338554645781417	0.0902851944147775
0.25639808551876886	0.3522408132589692	0.3384953126854158	0.0353427475178985
0.2927297179700169	0.3758949408646807	0.3239389264665166	0.3643447648431623
0.27761955618844214	0.352319924053637	0.354574581701673	5.346003164959972e-19
0.23897393299315703	0.34249040781614576	0.34427040069617465	0.036410743245915596
0.2802895455084844	0.3618329971124553	0.36557098216051614	0.06372374510501921
0.2989003599541162	0.36867608085123116	0.33602310035204264	0.3718998457339495
0.2534709861160557	0.3593014516830815	0.3665598670938647	0.046438036470075945
0.32322692931450525	0.3351331039120288	0.32749891222657274	1.8340063918974925e-17
0.29674459079941473	0.3456152842055295	0.3497488232269294	0.3713262924726076
0.253134765238717	0.37917803884339896	0.36307899212847566	0.08941497567343042
0.3067718840235743	0.3696847434832479	0.35287369961631243	0.012400617064198281
0.21971045449151524	0.3376448716427358	0.3485621613069104	0.20452118191527238
0.2783711087377873	0.35615679759503166	0.3454175072188606	0.024623234840393686
0.2985839167754445	0.3511728175309515	0.39353664807563055	0.36252521656579956
0.25283809975871235	0.37015940825125554	0.3055258890075554	0.1227403979272973
0.23891459989715608	0.3585301214350692	0.35046082037894066	0.07290059728649963
0.2365017206597841	0.3430441833788215	0.38159091808077206	0.03589652308057398
0.2643684980815634	0.3588663423124077	0.36294054823780664	1.6725352758946197e-17
0.3078794351489266	0.39023377239824236	0.3471381670028874	0.04586448320873343
0.2663660456469286	0.3433210711601592	0.3592025631897472	9.961022223690723e-18
0.2642498318895617	0.3468810569202167	0.35647324077370385	0.1555516000158224
0.30004746647680064	0.3791187057473991	0.36790475060321925	8.837270537995055e-19
0.2350777263557613	0.36153633163245025	0.3610023337684423	0.37682449270202967
0.2513152169613542	0.3698825204699183	0.3605276690004353	2.113307781740299e-17
0.25940429571615076	0.34607017127487	0.34415173450417297	1.6245303495153875e-17
0.23062774415569043	0.35449547090700456	0.3531901427949836	0.024603457141726695
0.2900003955539726	0.3703967406352592	0.3607847790831049	0.4133341244412799
0.259562517305487	0.35030259878960424	0.3309402317946282	0.39968751236106204
0.2726157984256954	0.33246311459198624	0.3135160792690165	1.1357529172904756e-17
0.2644080534788973	0.3620307740991247	0.34620861516553847	0.024425457853723957
0.2423756971638781	0.35508880186701514	0.3788813733633953	0.012400617064198378
0.24824967366797182	0.35093548514694706	0.3426684071041486	0.03575807918990509
0.24332502669989367	0.3380799810134091	0.36717297575254154	0.012262173173529324
0.3001661326688025	0.34189707685613663	0.35311103200031635	5.346003164959972e-19
0.24650923618527737	0.32779557770657736	0.3445670661761796	0.35977611645108987
0.26262806059886856	0.34964993473359446	0.3549899133736798	0.09265851825481557
0.3061587753648986	0.3614374431391155	0.3315335627546377	0.30748388117558634
0.26424983188956147	0.3453383964241916	0.35135081681895486	0.02418812546972015
0.2778964439697799	0.37672560420869416	0.31764961829041577	0.19306989438708907
0.2607096238281716	0.36877496934456544	0.3552668011550171	0.046833590443415625
0.22081800561686643	0.36161544242711874	0.3647205411178358	0.34567461730153093
0.31499940666904214	0.3425101855148141	0.3676674182192152	0.047763142280763955
0.28167398441517344	0.33879197816542034	0.38186780586210917	0.3711087377872712
0.2633598354495473	0.36343499070448115	0.36889363553656956	7.866261799869673e-18
0.2613425101855152	0.359519006368419	0.35263636723230835	0.13794944820220736
0.22313199636090317	0.3177682844824173	0.3366955421067203	0.36942763340057805
0.27708555832443316	0.354693247893675	0.3532296981923182	0.1094300067244174
0.22774020015031046	0.36608520232585645	0.3742533918753219	0.1205055179779281
0.2520865472093667	0.3706538507179301	0.36266366045646825	0.13179858391677562
0.24415569004390655	0.32736046833590393	0.34555595110952914	0.372611842885962
0.27878644040979417	0.343657292037498	0.3402950832641114	5.771501376048623e-18
0.28543174716190056	0.3601518927257626	0.35572168822435857	0.03648985404058356
0.2686404809936316	0.37193940113128354	0.38256002531545397	0.3753807206993397
0.2741584589217201	0.3674103081365453	0.3081365452315962	1.5197923283243347e-17
0.22969819231834182	0.3618132194137891	0.35061904196827703	0.04756536529409409
0.2640718326015587	0.36347454610181595	0.34834460662157374	0.024781456429729506
0.3014912384794914	0.3731260630513034	0.34452751077884547	0.012400617064198254
0.30356789683952445	0.36513587278984216	0.3557216882243579	2.4624345190438073e-17
0.2722202444523556	0.3619714410031246	0.3789802618567306	0.07462125707052697
0.2867172975752543	0.36264388275780224	0.3443692891895105	0.18982635180570362
0.29911791463945253	0.34777105336023134	0.3323048930026499	0.04697203433408454
0.2940152683833713	0.37128673707527327	0.3507574858589458	0.3871682291048615
0.2607096238281718	0.3446263992721806	0.3447450654641825	0.012400617064198307
0.32354337249317733	0.3384953126854155	0.36369210078715236	2.881386603808017e-17
0.2639729441082239	0.361022111467109	0.3600727819310947	0.06953838851311236
0.2687195917882994	0.3606463351924366	0.3626043273604676	0.09074008148411822
0.26185673035085677	0.39122265733159245	0.33309600094933	0.1587555871998735
0.29702147858075273	0.3832324670701314	0.3513112614216208	0.3805229223527549
0.2607689569241724	0.3528341442189785	0.3800284798860807	1.1357529172904756e-17
0.24093192516118814	0.38554645781416885	0.3453383964241921	0.35809501206439526
0.3006012420394765	0.36725208654720953	0.3464459475495433	0.3274395791305727
0.2810213203591633	0.3696847434832481	0.32558047545587576	0.12173173529528108
0.2479727858866344	0.3930026502116218	0.36877496934456766	4.068417510639946e-17
0.2126300383687353	0.3406906372374506	0.3769629365926981	0.047802697678097875
0.19405877932043833	0.34029508326411123	0.3630394367311423	0.3805822554487554
0.30283612198884574	0.38501245995015937	0.36940785570191054	0.3893042205608948
0.2817926506071752	0.36756852972588017	0.37747715675804033	0.046972034334084645
0.2688184802816345	0.3588070092164073	0.3573632372137176	0.04722914441675532
0.2876666271112692	0.36897274633123545	0.35402080613899806	0.337051540682726
0.2317550729797082	0.3636525453898187	0.3572247933230485	0.04738736600609112
0.29292749495668635	0.3578774573790586	0.3508168189549464	0.012262173173529456
0.2544994264467387	0.3469008346188831	0.357501681104386	0.04807958545943564
0.27053914006566204	0.35578102132035866	0.3734227285313076	0.3642063209524932
0.24534235196392537	0.35556346663502214	0.37053518452592815	0.02462323484039369
0.2561607531347652	0.35121237292828555	0.3416399667734657	0.09952137969225881
0.2596614057988216	0.38615956647284455	0.34808749653890225	0.03647007634191647
0.25811874530279677	0.36177366401645467	0.3524979233416408	0.03589652308057408
0.2784502195324548	0.35673035085637406	0.37233495510462344	0.1911119022190579
0.2693129227483091	0.3608441121791072	0.3646018749258336	0.02420790316838703
0.2260986511609508	0.37219651121395453	0.35714568252838047	0.14504964202365406
0.23978481863850334	0.3377239824374028	0.3224951544638265	0.31810450535975593
0.2568134171907754	0.3667576440805342	0.3769036034966969	0.035817412285906125
0.2236066611289112	0.37832759780071923	0.330643566314624	0.39116332423559025
0.2768680036390966	0.3495312685415922	0.36719275345120866	0.15383094023179458
0.26666271112693307	0.37951425972073893	0.3337091096080063	0.23725327320912973
0.2595031842094854	0.3557612436216914	0.3338475534986751	0.09354851469483003
0.2768086705430957	0.33400577508801027	0.34490328705351825	0.02418812546972013
0.22611842885961794	0.34885882678691443	0.3542185831256675	0.35052015347494203
0.21949289980617845	0.36778608441121746	0.3336102211146705	1.5819805284065222e-18
0.2975950318420953	0.35943989557375056	0.3628812151418057	0.09479450971084989
0.2596416281001545	0.3569083501443772	0.3515288161069574	1.1357529172904756e-17
0.25712986036944746	0.35046082037894094	0.34324196036549187	-1.9092868446285612e-18
0.26917447885764023	0.34498239784818635	0.34705905620821975	0.012262173173529458
0.20721094893398181	0.3525572564376407	0.3727107313792961	0.3727700644752969
0.29152327835133185	0.35977611645108987	0.3513310391202879	0.30511055733554765
0.31397096633835697	0.3571061271310466	0.3556425774296899	0.2830979787191967
0.28440330683121706	0.36790475060321953	0.33875242276808654	0.21903801273683832
0.31731339741307735	0.3639294331711559	0.34547684031486087	0.38186780586211017
0.26001740437482695	0.38115580871009835	0.3453779518215261	0.3852102369368295
0.29816858510343763	0.3746093904513274	0.3725525097899607	0.012400617064198146
0.23855860132115056	0.3663423124085275	0.3713856255686078	0.3973932993156911
0.29367904750603213	0.35069815276294375	0.3396621969067677	0.14692852339701776
0.2892290653059613	0.33523199240536405	0.3499268225149317	0.3811953641074322
0.24852656144931043	0.3738776156006479	0.3316522289466393	0.09103674696412288
0.2689767018709709	0.3521419247656343	0.36582809224318574	0.28725129543926253
0.2740200150310511	0.3568885724457101	0.4227680867054299	0.012262173173529374
0.3028954550848466	0.38299513468612784	0.3494323800482573	2.296599318824641e-17
0.3097385388236222	0.34658439144021175	0.35667101776037435	0.07970412562794173
0.31288319291167316	0.33080178790395937	0.35040148728294	0.39891618211304913
0.2795577706578063	0.35554368893635585	0.36746964123254533	0.18240971480558554
0.28663818678058645	0.33802064791740766	0.35141014991495545	0.05901665282227729
0.2881808472766108	0.35230014635497003	0.3467821684268819	0.3468810569202167
0.24880344923064776	0.3712669593766065	0.3625647719631351	0.02442545785372393
0.25566631066809054	0.3504410426802735	0.36133855464578146	0.38677267513152164
0.3020054586448316	0.344567066176179	0.3379810925200734	0.06882639136110091
0.24128792373719418	0.33964241920810057	0.3642458763498281	0.39134132352359396
0.28679640836992215	0.3624065503737974	0.3572050156243818	-6.7970611668776785e-18
0.28725129543926275	0.365887425339187	0.3356275463787032	3.858941468257841e-17
0.22981685851034372	0.3621296625924605	0.3741149479846524	0.012262173173529393
0.31681895494640266	0.3488390490882477	0.34057197104544856	0.046438036470076036
0.27212135595902065	0.37492583362999893	0.3765871603180244	0.012499505557533208
0.2574660812467866	0.360923222973775	0.34373640283216694	2.6020852139652106e-17
0.2952612633993907	0.38404335271547696	0.3932597602942922	-2.9566670565390864e-18
0.2743166805110559	0.3354891024880341	0.35589968751236073	0.3674696412325464
0.30070013053281097	0.3471975000988877	0.3436968474348324	0.07948657094260476
0.27932043827380243	0.3415015228827967	0.3591432300937464	5.5532971652339296e-18
0.23001463549701362	0.346089948973537	0.3500059333095993	0.3937739804596337
0.2720818005616867	0.34785016415489806	0.34690083461888394	0.3392073098374272
0.25521142359875004	0.3596970056564203	0.3695660772912472	0.17564574186147697
0.26901625726830464	0.3618527748111223	0.36462165262450064	0.2823266484711839
0.22212333372888735	0.3499268225149315	0.36363276769115116	0.34895771528025016
0.22661287132629238	0.3467821684268809	0.3513705945176213	0.06868794747043226
0.31314030299434364	0.3911831019342594	0.3761718286460183	0.16480756299197016
0.2373323840037974	0.37911870574739875	0.33525177010402984	0.10329892013765281
0.22204422293421938	0.34165974447213243	0.3645623195284998	0.2364423875637831
0.23616549978244564	0.3534868082749885	0.35740279261105123	2.4973471927741582e-17
0.25175032633202804	0.3558403544163599	0.35344725287765527	0.01240061706419832
0.2863415213005818	0.36719275345120744	0.3425892963094817	0.17250108777342668
0.24441280012657712	0.35740279261105157	0.348621494402911	0.01226217317352939
0.2903563941299792	0.37275028677663025	0.3782682647047188	0.03670740872592033
0.2160515802381232	0.35370436296032554	0.36699497646453794	0.024919900320398432
0.30157034927415916	0.33964241920810057	0.3377437601360708	0.367271864245876
0.25782207982279204	0.3639096554724879	0.3525177010403062	0.046972034334084554
0.3177089513864168	0.3494323800482565	0.3388908666587553	0.024425457853723985
0.2708951386416677	0.34806771884023535	0.32813179858391645	0.012262173173529364
0.23776749337447128	0.34595150508286776	0.3481863850322374	0.04643803647007605
0.25105810687868374	0.35091570744828116	0.35131126142162117	0.3807009216407575
0.2589296309481428	0.3589454531070767	0.36468098572050134	0.15205094735176633
0.2991376923381196	0.36830030457655916	0.3418575214588032	0.04770380918476299
0.29435148926070925	0.3492543807602547	0.3491357145682532	0.0122621731735293
0.23300106799572787	0.3772793797713686	0.36272299355246945	0.379692259008741
0.30040346505280646	0.3491159368695857	0.3525968118349749	2.2878711503920532e-17
0.2936592698073651	0.3617143309204537	0.34844349511490835	0.3812349195047667
0.28525374787389773	0.3194098334717767	0.34735572168822404	0.09511095288952148
0.261579842569519	0.36373165618448455	0.36212966259246027	0.21698113207547176
0.27287290850836615	0.38370713183813937	0.3461097266722045	0.31636406787706234
0.23035085637435235	0.34996637791226565	0.3474150547842249	0.03575807918990514
0.28438352913255033	0.36157588702978394	0.3472172777975555	0.07877457379059347
0.28161465131917307	0.35271547802697656	0.37583560776867925	0.012400617064198358
0.29098928048732237	0.37725960207270237	0.35449547090700473	0.39025355009691143
0.24977255646532967	0.3611803330564453	0.3484237174162415	0.03534274751789849
0.29439104465804383	0.3509157074482811	0.36141766544044907	0.07001305328111987
0.2948261540287172	0.3775760452513739	0.3609232229737744	0.36497765120050596
0.2619358411455244	0.338693089672085	0.3514892607096232	0.20074364146987841
0.2855899687512359	0.36802341679522144	0.3299711245599463	1.449966980863633e-17
0.24949566868399217	0.3623274395791299	0.3597761164510898	0.046734701950080795
0.3401566393734427	0.37223606661128833	0.34314307187215637	0.012400617064198345
0.30127368379415354	0.35459435940033945	0.3414619674854631	0.3501245995016019
0.2642102764922275	0.35615679759503127	0.33655709821605195	0.3811360310114316
0.2644476088762312	0.3756971638780109	0.3584707883390687	0.2508009967960133
0.2409121474625214	0.3731853961473036	0.35287369961631193	0.03617341086191184
0.2918001661326689	0.3429848502828212	0.35667101776037297	0.057810213203591386
0.27556267552707603	0.3539812507416625	0.3609825560697757	0.3419366322534703
0.25254143427870757	0.3691705233179069	0.3406115264427828	0.06382263359835431
0.2487045607373127	0.36125944385111264	0.34397373521617064	0.3649776512005054
0.240951702859855	0.3460701712748702	0.36944741109924406	0.0687670582651001
0.2671967089909417	0.3780704877180485	0.3497686009255961	0.2765911158577591
0.24277125113721726	0.3598156718484232	0.3664016455045288	2.0434824342795974e-17
0.2597405165934894	0.37209762272062014	0.36420632095249383	2.0914873606588296e-17
0.25580475455875956	0.3528736996163124	0.3505201534749417	0.390115106206242
0.3078398797515927	0.342272853130809	0.3673707527392111	0.0695186108144455
0.30447767097820505	0.35657212926703746	0.3416201890747989	0.024445235552390848
0.2633400577508803	0.3817095842727744	0.3477908310588974	0.3642656540484952
0.264665163561568	0.37474783434199527	0.33151378505597107	0.012262173173529472
0.29666548000474674	0.35973656105375457	0.3229104861358333	0.035342747517898426
0.2970610339780865	0.3594398955737503	0.3455955065068623	0.15616470867449878
0.2863217436019145	0.3653534274751781	0.34523950793085706	0.26780981764961787
0.22425932518492142	0.3792571496380679	0.3576994580910566	2.6293607403170474e-18
0.27265535382302913	0.3717020687472794	0.3522210355603025	0.04673470195008075
0.3196076104584473	0.34288596178948666	0.3641469878564928	0.012400617064198129
0.2567145286974407	0.3647798742138359	0.34197618765080506	0.26812626082828944
0.2783117756417865	0.3921324314702736	0.35987500494442415	0.16324512479727843
0.2530556544440491	0.3727305090779633	0.3655314267631818	1.8078218865997293e-17
0.3267671373758949	0.3717614018432805	0.35489102488034463	0.36770697361654986
0.22641509433962262	0.35607768680036367	0.3299117914639455	0.035342747517898426
0.2590087417428107	0.3660060915311893	0.3634152130058152	0.1462165262450062
0.24933744709465605	0.340156639373442	0.3434990704481625	0.11904196827657099
0.25576519916142576	0.3604683359044338	0.3445077330801786	2.8464739300776664e-17
0.28036865630315244	0.3646809857205011	0.34436928918950926	0.05302401012618144
0.23092440963569483	0.3456548396028634	0.3669554210672045	0.012262173173529461
0.2745144574977257	0.3671927534512095	0.34828527352557265	0.02478145642972954
0.2590680748388122	0.3680629721925546	0.34917526996558673	-1.2110333700215447e-18
0.2695304774336461	0.3667576440805343	0.38046358925675383	0.08684387484672254
0.23033107867568522	0.3770222696886992	0.34660416913887904	0.20473873660060887
0.2781139986551168	0.368893635536568	0.3570863494323796	0.04673470195008082
0.30050235354614174	0.3602903366164303	0.3582334559550654	2.3926091715831057e-17
0.3282702424745854	0.3545152486056719	0.3522605909576362	0.04673470195008065
0.23859815671848417	0.36155610933111815	0.336873541394723	0.06868794747043214
0.22323088485423837	0.36244610577113195	0.349867489418931	0.38851311261421645
0.3083540999169335	0.33135556346663453	0.35957833946442064	0.35495035797634517
0.23677860844112206	0.35095526284561485	0.34737549938689155	0.37381828250464727
0.27758000079110834	0.36839919306989327	0.34383529132550095	0.024425457853723898
0.3301095684506148	0.38906688817689117	0.39043154938491287	0.3565523515683711
0.2509987737826828	0.3441121791068382	0.37834737549938685	0.17768284482417632
0.2962897037300741	0.34690083461888427	0.35625568608836633	0.3710098492939355
0.264427831177564	0.3361022111467108	0.3440924014081711	0.37188006803528273
0.2179897947074879	0.35481191408567614	0.3595981171630868	0.1976187650804955
0.22762153395830872	0.35317036509631716	0.34152130058146485	0.2819508721965111
0.27451445749772546	0.3529528104109806	0.37035718523792627	0.06251730548633334
0.27732289070843763	0.3609232229737742	0.3617341086191208	0.3710098492939353
0.2965863692100789	0.36853763696056296	0.3582334559550652	0.03647007634191645
0.271884023575017	0.4133736798386132	0.36464143032316787	0.36683675487520273
0.2186029033661644	0.3421739646374746	0.34229263082947653	0.3835884656461378
0.21973023219018237	0.3459910604802018	0.3543768047150032	0.012262173173529482
0.2664649341402633	0.3389897551520898	0.37834737549938746	0.057592658518254625
0.20853605474466994	0.3793560381314022	0.36272299355247056	0.012400617064198243
0.31887583560776916	0.36877496934456544	0.36610498002452385	0.3809184763260949
0.2978719196234327	0.36299988133380784	0.3719789565286179	0.024445235552390747
0.25942407341481766	0.35182548158696114	0.3258969186345476	1.0310148960994231e-17
0.2507021083026782	0.35769945809105697	0.35890589770974207	0.0241881254697201
0.2570903049721133	0.3595190063684186	0.3549305802776789	0.024623234840393773
0.2729520193030339	0.36525453898184373	0.3716625133499463	0.10274514457497698
0.28303864562319553	0.35344725287765444	0.3682409714805578	0.1135437680471498
0.28790395949527303	0.36743008583521203	0.3606067797951026	2.1831331292010007e-17
0.33495510462402533	0.35688857244571004	0.3481072742375695	0.32874490724259336
0.21802935010482175	0.3681025275898886	0.3541196946323324	0.32997112455994604
0.26820537162295843	0.34727661089355644	0.35969700565642176	0.3162256239863928
0.2665440449349315	0.3388710889600879	0.3803053676674173	0.12477750088999648
0.29373838060203317	0.3633361022111464	0.34442862228551063	0.03617341086191179
0.3068114394209088	0.36066611289110373	0.3461888374668717	0.16116846643724533
0.23031130097701857	0.3470590562082198	0.34862149440291157	0.12040662948459278
0.23021241248368354	0.34775127566156366	0.3590047862030773	1.1706655910208264e-17
0.27075669475099917	0.3646612080218337	0.32589691863454784	0.012400617064198342
0.2186226810648311	0.36307899212847594	0.3683003045765594	9.262768749083706e-18
0.2783711087377874	0.36816186068589063	0.3386930896720857	0.012499505557533172
0.24221747557454237	0.3591827854910803	0.38451801748348524	0.34523950793085645
0.25685297258810974	0.367924528301886	0.3552470234563517	9.262768749083706e-18
0.24888256002531542	0.3502432656936034	0.345259285629524	0.3725327320912937
0.27748111229777317	0.3443495114908425	0.3558007990190257	0.03617341086191186
0.23264506941972246	0.3637514338831529	0.3726316205846288	0.3953166409556582
0.25184921482536304	0.362465883469799	0.33450021755468545	0.1812032751868994
0.2584945215774695	0.342826628693485	0.37079229460859886	0.01249950555753325
0.25978007199082315	0.3584510106404013	0.346485502946877	0.403939717574463
0.25167121553736016	0.3645227641311655	0.3614176654404495	0.07800324354258109
0.261085400102844	0.3268462481705618	0.3377437601360708	0.03575807918990519
0.21581424785411968	0.34156085597879754	0.35050037577627446	0.3426881848028165
0.261263399390847	0.36859697005656367	0.3733040623393066	0.15038962066373968
0.2588307424548078	0.33784264862940466	0.34591194968553446	3.719290773336438e-17
0.2785293303271234	0.3624065503737987	0.3683596376725606	0.024445235552390934
0.2796566591511416	0.35514813496301395	0.3353902139946998	0.05820576717693107
0.29284838416201914	0.36019144812309584	0.3569281278430439	0.04728847751275627
0.27346623946837584	0.34535817412285885	0.37067362841659734	0.36980340967525027
0.2480518966813021	0.3871286737075259	0.34775127566156366	0.09020608362010976
0.26163917566552014	0.3535065859736557	0.3529330327123136	0.12084173885526685
0.25999762667616005	0.36193188560579004	0.36015189272576237	0.0470907005260864
0.29081128119932004	0.35313080969898264	0.353605474466991	0.26986669831098464
0.27793599936711355	0.3636129899924846	0.3555239112376884	0.36416676555516003
0.2900399509513076	0.3820853605474466	0.36782563980855154	0.0949131759028517
0.2850559708872278	0.3598354495470902	0.3353506585973652	0.03589652308057409
0.26341916854554787	0.3797515921047435	0.36588742533918717	2.0783951080099482e-17
0.2957557058660655	0.34476484316284917	0.364760096515169	0.35706657173371326
0.26157984256951894	0.36159566472845117	0.3722953997072897	0.18403148609627784
0.30281634429017823	0.3476523871682288	0.3558996875123605	0.3677465290138841
0.3203591630077926	0.3571456825283795	0.35162770460029313	0.3639887662671571
0.24334480439856027	0.3581543451603964	0.3457735057948658	0.38420157430481455
0.2624302836121991	0.3709900715952684	0.3641865432538263	0.012499505557533175
0.2503461097266723	0.3669751987658717	0.340295083264111	3.125775319920473e-17
0.20266207824057594	0.37720026897670206	0.3497883786242633	0.37771448914204336
0.2745737905937265	0.3542581385230006	0.35947945097108475	0.3592223408884141
0.2936197144100317	0.3527352557256434	0.3553854673470196	0.3285866856532578
0.29399549068470426	0.34729638859222395	0.3487401605949133	0.37807048771804846
0.28084332107116033	0.3514101499149555	0.37429294727265483	1.5547050020546858e-17
0.1989438708911831	0.355682132827024	0.36015189272576226	0.0686879474704322
0.307839879751592	0.38307424548079505	0.3750444998220003	0.23673905304378795
0.24821011827063816	0.3518848146829623	0.3464459475495421	0.08352122147066945
0.2390332660891581	0.3582136782563978	0.33210711601598	0.22406154819825158
0.29259127407934815	0.36183299711245615	0.31782761757841804	0.39110399113959105
0.30352834144218993	0.3511530398322844	0.3242751473438552	1.694355696976089e-17
0.2602151813614972	0.3616154424271189	0.35443613781100475	0.012499505557533222
0.24486768719591848	0.36256477196313414	0.36837941537122765	0.03617341086191173
0.29057394881531606	0.3676674182192162	0.380602033147423	0.06756061864641393
0.2407143704758514	0.36250543886713377	0.33361022111467037	0.3950001977769865
0.26328072465487934	0.3552074680590159	0.3323642260986511	0.0353427475178985
0.24144614532652992	0.3749456113286654	0.3490368260749174	0.2157549147581188
0.24128792373719382	0.3580554566670613	0.3521221470669655	7.866261799869673e-18
0.2891499545112929	0.3572445710217156	0.34636683675487506	0.36968474348324776
0.2371346070171277	0.3299909022586131	0.3440726237095054	0.03575807918990515
0.27417823662038665	0.35803567896839417	0.37099007159526903	0.31824294925042573
0.2687591471856339	0.34630750365887425	0.3485028282109096	0.37065385071793044
0.2548949804200782	0.37116807088327114	0.34984771172026485	0.012262173173529303
0.34646572524821034	0.3477117202642287	0.3283295755705864	0.012400617064198323
0.2626676159962031	0.35862900992840413	0.3618725525097895	0.36070566828843764
0.23074641034769186	0.35164748229895904	0.37391717099798255	1.4150543071332822e-17
0.2701435860923221	0.35550413353902144	0.3535856967683239	0.05931331830228216
0.2886555120446185	0.3668169771765351	0.36201099640045825	0.37793204382738044
0.2611051778015109	0.38074047703809044	0.3472963885922234	0.3795538151180733
0.3095012064396189	0.3580950120643957	0.3622681064831292	0.1411138799889243
0.33760531624540224	0.34395395751750296	0.33068312171195713	0.09873027174557954
0.25131521696135445	0.36495787350183817	0.36919030101657374	0.012400617064198326
0.2297970808116768	0.36023100352043	0.3718800680352823	0.37462916814999386
0.26887781337763544	0.3531308096989823	0.364542541829833	0.2697678098176497
0.2591274079348127	0.3750049444246668	0.34302440568015524	0.012262173173529454
0.24105059135319026	0.3854475693208323	0.34019619477077595	0.012400617064198306
0.2925517186820143	0.3685969700565643	0.35475258098967666	0.3649380958031726
0.2643684980815632	0.37892092876072875	0.34179818836280157	0.38081958783275965
0.2776393338871089	0.35491080257901125	0.36529409437917815	0.02418812546972013
0.3190736125944383	0.35916300779241334	0.35295281041098037	0.012262173173529366
0.2724377991376925	0.35843123294173485	0.3525968118349747	0.04709070052608655
0.3286064633519248	0.37324472924330465	0.36023100352043	0.36545231596851424
0.25523120129741683	0.3379019817254053	0.32658913808789164	0.22568331948894416
0.2815157628258379	0.36193188560578915	0.34678216842688253	0.3818282504647761
0.29982991179146423	0.3497686009255961	0.33600332265337607	0.08565721292670354
0.22740397927297182	0.35752145880305386	0.3641074324591592	-1.2383088963733812e-17
0.2658913808789208	0.36539298287251243	0.3381393141094102	1.232853791103014e-18
0.26695937660693814	0.3317708951386404	0.3765080495233574	0.08126656382263335
0.2573671927534516	0.3842806850994818	0.38841422412088067	0.012499505557533179
0.341659744472133	0.36574898144851764	0.35417902772833315	0.0632293026383446
0.23011352399034843	0.3576994580910573	0.35787745737905985	0.05781021320359138
0.2907915035006526	0.35943989557375056	0.3420552984454728	0.38882955579288747
0.2768284482417625	0.352082591669633	0.36377121158181974	0.37178117954194845
0.2504252205213402	0.3823622483287838	0.38432024049681385	0.37745737905937277
0.26156006487085165	0.35408013923499826	0.3564930184723706	0.0749970333451997
0.2661287132629248	0.36032989201376486	0.3242751473438547	0.363593212293817
0.23238795933705164	0.36149677623511656	0.3589454531070749	0.012262173173529392
0.3752027214113364	0.33982041849610367	0.3632767691151463	0.012400617064198228
0.2744749021003915	0.3489379375815833	0.35896523080574333	3.160687993650824e-17
0.2800917685218152	0.3614176654404481	0.3771409358807014	0.18759147185633454
0.2293421937423362	0.3370713183813921	0.343162849570823	0.012262173173529407
0.2864206320952497	0.3268462481705625	0.35091570744828093	2.2529584766617024e-17
0.3027372334955106	0.3486017167042439	0.3757960523713449	0.3440132906135041
0.23321862268106483	0.3952573078596566	0.33770420473873625	1.275403612211879e-17
0.23232862624105086	0.3312962303706333	0.351687037696293	3.090862646190122e-17
0.22243977690755912	0.3650567619951739	0.37340295083264075	0.058007990190261226
0.31929116727977497	0.3611605553577789	0.3502234879949366	0.05848265495826869
0.2729717970017009	0.3665400893951979	0.3541196946323329	0.12661682686602588
